32.8949 0.227044
32.3798 41.6974
27.2735 27.7322
18.6934 22.5616
12.8968 18.0169
46.9759 10.2823
5.77517 30.685
2.97767 41.1283
39.8475 14.8636
20.0906 0.197789
22.5322 31.3504
46.4158 0.353606
20.5087 45.2803
26.75 37.0775
28.4658 32.48
27.6293 2.35371
16.9605 49.8923
39.699 15.1765
42.7169 32.5183
46.5755 3.19057
16.9718 28.5422
18.5368 10.7271
21.4098 36.5069
43.8032 38.6255
4.59605 7.16314
21.7712 31.2022
29.3564 28.2601
9.32026 31.3488
24.7483 7.78043
6.30419 22.4729
31.8042 19.1028
27.8862 14.5399
3.31388 22.9426
49.9428 42.0749
34.9545 36.9575
17.5526 31.9044
31.0959 4.12395
14.6497 41.3977
17.2065 34.9661
34.8046 34.5279
22.1763 11.2899
28.294 33.5094
12.1546 6.40122
39.0017 42.0039
43.5007 26.1706
27.2449 41.1985
38.1505 12.2698
46.917 35.6999
18.5983 5.42738
8.20131 36.7002
