C 0 61.5249 23.229 4.67289
C 1 51.9763 53.8315 8.17018
C 2 72.8106 14.7854 6.0453
C 3 53.4469 2.57687 9.93157
P 0 39.7813 45.6523
P 1 60.0265 61.7027
P 2 32.0512 3.75079
P 3 90.8689 39.0786
P 4 53.6077 8.63383
P 5 84.5095 25.577
P 6 64.0628 27.0826
P 7 45.0705 28.0184
P 8 58.9768 84.0293
P 9 30.9382 46.9204
P 10 41.6842 38.8317
P 11 99.3887 41.8379
P 12 36.1038 32.0462
P 13 74.1951 33.3533
P 14 33.2171 49.4405
P 15 5.43841 8.76605
P 16 42.3429 12.0402
P 17 83.3172 80.2429
P 18 67.6473 76.4169
P 19 97.5898 76.9073
P 20 10.8215 25.7951
P 21 64.6552 19.4396
P 22 78.5839 53.1795
P 23 14.1928 21.243
P 24 33.3582 80.5628
P 25 38.2058 28.6223
P 26 0.5771 18.2151
P 27 96.3546 1.29223
P 28 52.4572 83.6925
P 29 3.87908 17.3663
P 30 35.6932 37.9975
P 31 45.4051 5.7057
P 32 2.13698 52.4886
P 33 36.4034 80.6445
P 34 3.36672 84.3501
P 35 92.3333 44.1768
P 36 97.8461 86.0758
P 37 55.6645 13.0853
P 38 62.6134 36.1434
P 39 26.7181 7.33805
P 40 93.5465 27.1932
P 41 71.1422 68.2272
P 42 3.20113 22.7474
P 43 36.8008 57.9035
P 44 57.6468 42.4752
P 45 17.8431 23.8034
P 46 21.0563 86.5625
P 47 16.3329 10.2377
P 48 0.0488395 85.0624
P 49 94.0248 18.2145
P 50 58.0923 36.3871
P 51 49.6813 56.5108
P 52 27.741 50.2666
P 53 1.47309 56.7047
P 54 63.8498 17.6924
P 55 90.7639 36.4315
P 56 34.3328 58.9304
P 57 15.6244 51.3918
P 58 58.8086 55.6036
P 59 55.441 72.2272
P 60 18.2545 75.176
P 61 64.4345 12.1084
P 62 65.9298 52.5812
P 63 72.4648 88.221
P 64 89.7349 39.7045
P 65 2.73898 72.0115
P 66 21.003 41.6751
P 67 49.7346 74.5226
P 68 86.7412 12.2583
P 69 79.007 94.5557
P 70 84.9205 25.2252
P 71 70.7459 25.3704
P 72 41.0097 96.4016
P 73 40.4356 6.09963
P 74 0.654956 51.2824
P 75 4.68136 73.1778
P 76 49.38 46.1097
P 77 66.0631 52.1462
P 78 59.2986 88.3942
P 79 53.9274 65.8337
P 80 40.7979 11.109
P 81 69.1231 28.4468
P 82 62.6499 95.7096
P 83 8.31748 25.4542
P 84 62.7708 37.6458
P 85 99.5414 66.6865
P 86 96.4122 19.2196
P 87 72.0807 14.8707
P 88 65.953 19.6508
P 89 70.6276 70.7214
P 90 71.6294 23.9372
P 91 48.197 4.08543
P 92 90.1085 99.2119
P 93 85.1003 86.7399
P 94 49.1441 98.4281
P 95 99.3557 97.534
P 96 73.6633 65.6634
P 97 23.838 90.1103
P 98 57.031 70.729
P 99 31.2523 9.79565
