5
0 1 2 3 4 

5
A B C D E 

0.260169 0.154705 0.216364 0.00919612 0.359566 

0.0405369 0.314631 0.176386 0.280969 0.187477 
0.00585395 0.308965 0.0843434 0.332702 0.268135 
0.0273218 0.307779 0.291539 0.150753 0.222607 
0.2066 0.11606 0.287276 0.261706 0.128358 
0.0568919 0.0266141 0.109653 0.380121 0.426721 

0.225259 0.288135 0.0729682 0.218293 0.195345 
0.335388 0.183861 0.0962262 0.268416 0.116109 
0.178961 0.270815 0.304522 0.0134403 0.232262 
0.061765 0.0499436 0.3443 0.344792 0.199199 
0.31357 0.267894 0.136336 0.145037 0.137163 

5
E A A C C 
